s, CO , 4.675675E+06, 7.001615E+05, 1.593373E+05, 4.513046E+04, 1.472238E+04, 5.314222E+03, 2.072018E+03, 8.586188E+02, 3.735497E+02, 1.689229E+02, 7.829639E+01, 3.552123E+01, 1.704144E+01, 8.173000E+00, 3.610318E+00, 1.697047E+00, 7.435320E-01, 1.583440E-01, 7.503600E-02, 3.309100E-02
c, 1.20, 1.575889e-04, 4.553942e-04, 1.248802e-03, 3.219301e-03, 8.310661e-03, 2.156501e-02, 5.490036e-02, 1.284278e-01, 2.516500e-01, 3.544205e-01, 2.707247e-01, 6.512580e-02, -1.112841e-03, 1.827239e-03, -8.436601e-04, 3.623160e-04, -1.403006e-04, 4.931734e-05, -3.792255e-05, 1.163926e-05
c, 1.20, -4.897889e-05, -1.410172e-04, -3.879495e-04, -1.003628e-03, -2.607660e-03, -6.845643e-03, -1.786295e-02, -4.404044e-02, -9.649982e-02, -1.707801e-01, -1.853690e-01, 5.928555e-02, 5.238739e-01, 4.910303e-01, 8.542256e-02, -1.956369e-03, 2.031636e-03, -3.766146e-04, 1.968021e-04, -1.092987e-04
c, 1.20, 1.830571e-05, 5.287701e-05, 1.444144e-04, 3.732378e-04, 9.702085e-04, 2.554348e-03, 6.674306e-03, 1.659895e-02, 3.676438e-02, 6.732872e-02, 7.637309e-02, -2.678337e-02, -3.171678e-01, -4.489134e-01, 1.596512e-01, 7.193270e-01, 3.828258e-01, 2.121371e-02, -8.335268e-03, 4.407456e-03
c, 1.20, -3.967378e-06, -1.090105e-05, -2.973804e-05, -7.729381e-05, -2.022332e-04, -5.309336e-04, -1.390086e-03, -3.454700e-03, -7.672934e-03, -1.406922e-02, -1.610193e-02, 5.756257e-03, 6.993155e-02, 1.046966e-01, -4.658881e-02, -2.147704e-01, -2.293374e-01, 2.725160e-01, 5.605886e-01, 3.131994e-01
p, CO , 1.926778E+04, 4.560986E+03, 1.481436E+03, 5.668671E+02, 2.404910E+02, 1.096105E+02, 5.259491E+01, 2.608361E+01, 1.326143E+01, 6.799778E+00, 3.393414E+00, 1.648766E+00, 7.762820E-01, 2.972090E-01, 1.133520E-01, 4.151000E-02
c, 1.16, 1.296237e-04, 5.802986e-04, 2.640253e-03, 1.035043e-02, 3.485873e-02, 9.693105e-02, 2.105759e-01, 3.327332e-01, 3.286311e-01, 1.526071e-01, 2.301958e-02, 1.380695e-03, 4.291098e-04, 1.018869e-04, -2.451299e-05, 1.100862e-05
c, 1.16, -4.699535e-05, -2.124685e-04, -9.673453e-04, -3.817596e-03, -1.301834e-02, -3.719050e-02, -8.385014e-02, -1.395310e-01, -1.396331e-01, 3.804918e-02, 3.404236e-01, 4.529371e-01, 2.761756e-01, 4.623220e-02, -3.949422e-03, 1.616221e-03
d, CO , 1.283920E+02, 3.789380E+01, 1.387980E+01, 5.625440E+00, 2.335390E+00, 9.351920E-01, 3.469530E-01, 1.117230E-01
c, 1.8, 3.460006e-03, 2.525399e-02, 9.777581e-02, 2.359429e-01, 3.525254e-01, 3.609287e-01, 2.446805e-01, 7.129763e-02
