basis={
!
! cobalt               (20s,16p,8d,2f) -> [6s,5p,3d,1f]
s, CO , 4.675675E+06, 7.001615E+05, 1.593373E+05, 4.513046E+04, 1.472238E+04, 5.314222E+03, 2.072018E+03, 8.586188E+02, 3.735497E+02, 1.689229E+02, 7.829639E+01, 3.552123E+01, 1.704144E+01, 8.173000E+00, 3.610318E+00, 1.697047E+00, 7.435320E-01, 1.583440E-01, 7.503600E-02, 3.309100E-02
c, 1.20, 1.460000E-04, 4.220000E-04, 1.157000E-03, 2.982000E-03, 7.695000E-03, 1.995300E-02, 5.071700E-02, 1.182300E-01, 2.298040E-01, 3.172830E-01, 2.323250E-01, 7.486300E-02, 9.464900E-02, 9.162500E-02, 1.466000E-02, -4.140000E-04, 5.000000E-06, -2.800000E-05, 2.900000E-05, -3.000000E-06
c, 1.20, -7.700000E-05, -2.220000E-04, -6.100000E-04, -1.576000E-03, -4.085000E-03, -1.067800E-02, -2.761300E-02, -6.681600E-02, -1.409790E-01, -2.329210E-01, -2.320460E-01, 4.655300E-02, 5.169650E-01, 4.848400E-01, 8.328900E-02, -5.811000E-03, -5.400000E-05, -4.680000E-04, 3.890000E-04, -8.900000E-05
c, 1.20, 1.800000E-05, 5.200000E-05, 1.420000E-04, 3.670000E-04, 9.540000E-04, 2.512000E-03, 6.564000E-03, 1.633100E-02, 3.618600E-02, 6.635200E-02, 7.534300E-02, -2.648700E-02, -3.148050E-01, -4.467120E-01, 1.601200E-01, 7.213240E-01, 3.823570E-01, 1.818800E-02, -6.415000E-03, 2.987000E-03
c, 1.20, -4.000000E-06, -1.100000E-05, -3.000000E-05, -7.800000E-05, -2.040000E-04, -5.360000E-04, -1.402000E-03, -3.490000E-03, -7.740000E-03, -1.424000E-02, -1.622700E-02, 5.692000E-03, 7.113600E-02, 1.054210E-01, -4.618700E-02, -2.220020E-01, -2.286240E-01, 2.913320E-01, 5.630580E-01, 2.942770E-01
c, 1.20, -7.000000E-06, -2.200000E-05, -5.900000E-05, -1.550000E-04, -3.910000E-04, -1.081000E-03, -2.638000E-03, -7.186000E-03, -1.414100E-02, -3.080100E-02, -2.503000E-02, -6.499000E-03, 1.848310E-01, 1.464850E-01, 3.025500E-02, -9.422380E-01, 3.006350E-01, 1.741418E+00, -8.549780E-01, -7.178920E-01
c, 20.20, 1.000000E+00
p, CO , 1.926778E+04, 4.560986E+03, 1.481436E+03, 5.668671E+02, 2.404910E+02, 1.096105E+02, 5.259491E+01, 2.608361E+01, 1.326143E+01, 6.799778E+00, 3.393414E+00, 1.648766E+00, 7.762820E-01, 2.972090E-01, 1.133520E-01, 4.151000E-02
c, 1.16, 1.300000E-04, 5.820000E-04, 2.648000E-03, 1.038100E-02, 3.496300E-02, 9.722900E-02, 2.112480E-01, 3.338520E-01, 3.297510E-01, 1.522940E-01, 2.026500E-02, -2.285000E-03, -1.811000E-03, -2.960000E-04, 2.800000E-05, -1.100000E-05
c, 1.16, -4.600000E-05, -2.080000E-04, -9.470000E-04, -3.738000E-03, -1.275000E-02, -3.644700E-02, -8.223500E-02, -1.369990E-01, -1.371210E-01, 3.932100E-02, 3.412260E-01, 4.536340E-01, 2.761140E-01, 4.366500E-02, -3.070000E-03, 1.292000E-03
c, 1.16, -1.000000E-05, -4.600000E-05, -2.090000E-04, -8.250000E-04, -2.817000E-03, -8.068000E-03, -1.826800E-02, -3.058600E-02, -3.088300E-02, 1.230300E-02, 9.043100E-02, 1.308200E-01, 6.921100E-02, -2.248820E-01, -5.696560E-01, -3.618730E-01
c, 1.16, 1.600000E-05, 7.200000E-05, 3.260000E-04, 1.298000E-03, 4.392000E-03, 1.270000E-02, 2.842400E-02, 4.853300E-02, 4.775200E-02, -1.665200E-02, -1.536670E-01, -2.056630E-01, -7.218000E-02, 4.831410E-01, 5.994720E-01, 5.600000E-02
c, 16.16, 1.000000E+00
d, CO , 1.283920E+02, 3.789380E+01, 1.387980E+01, 5.625440E+00, 2.335390E+00, 9.351920E-01, 3.469530E-01, 1.117230E-01
c, 1.8, 3.505000E-03, 2.558300E-02, 9.908400E-02, 2.391390E-01, 3.561510E-01, 3.604140E-01, 2.392120E-01, 6.416100E-02
c, 1.8, -4.065000E-03, -2.972900E-02, -1.184660E-01, -2.897200E-01, -3.203480E-01, 8.568000E-02, 5.591230E-01, 3.634010E-01
c, 8.8, 1.000000E+00
f, CO , 3.772400E+00, 9.170000E-01
c, 1.2, 4.239660E-01, 7.684290E-01
}
